image: atkinson_sixth_keepout.pgm
resolution: 0.050000
origin: [-28.190715, -21.571397, 0.000000]
negate: 0
occupied_thresh: 0.65
free_thresh: 0.196

